38
16
1.000000
1046
-0.732607	-0.719430	-0.530525	-0.648652	-1.036794	-0.594360	-0.042221	0.235539	0.458694	0.000000	0.000000	0.000000	0.000000	0.000000	0.000000	0.000000
1.000000
657
0.000000	0.000000	0.000000	0.000000	0.000000	0.000000	0.000000	-0.401621	-0.516835	-0.196625	-0.007739	0.168968	0.529792	-0.135185	-0.499254	-0.156367
1.000000
329
-0.451132	-0.225193	0.028585	-0.114462	-0.208869	0.147923	0.251012	0.670994	0.465052	0.123476	0.199668	-0.203046	-0.147447	-0.066331	0.000000	0.000000
1.000000
295
0.304783	-0.077224	0.695696	0.380094	0.228857	0.220575	0.215067	0.255760	-0.085179	0.158024	-0.008322	-0.258642	-0.232107	-0.074703	-0.418404	-0.921046
1.000000
1068
0.000000	-0.196194	0.113353	0.288919	0.356086	0.111332	0.085318	-0.109025	-0.213413	-0.308651	-0.721296	-0.624986	-0.358404	-0.352046	-0.352348	-0.183954
1.000000
110
0.000000	0.000000	0.000000	-0.053894	-0.539047	-0.486272	-0.410192	-0.155176	-0.203604	0.046375	0.351342	0.284299	0.246751	0.057659	-0.021364	0.000000
1.000000
219
-0.247017	-0.159028	-0.104153	-0.174219	-0.227497	0.120407	-0.013194	-0.135945	0.188449	0.130679	0.329500	0.940788	0.863070	0.353495	0.000000	0.000000
1.000000
327
0.000000	0.000000	0.000000	0.000000	0.000000	0.000000	0.000000	0.081882	0.446226	0.367057	-0.089173	-0.520321	-0.299559	-0.359132	-0.175526	0.000000
1.000000
17
-0.424055	-0.402530	-0.396257	-0.195689	-0.026231	-0.022958	0.023443	0.215954	-0.064945	0.202975	-0.106988	-0.345639	-0.300459	-0.123594	0.154878	0.519976
1.000000
1153
0.000000	0.000000	0.000000	0.000000	0.000000	0.000000	0.000000	-0.099922	0.225256	-0.020455	-0.375438	-0.743893	-0.367021	-0.078490	0.000000	0.000000
1.000000
1231
0.000000	-0.138930	-0.482034	-0.390118	-0.156741	-0.360266	-0.263387	-0.592318	-0.516152	-0.891003	-0.118596	0.103322	-0.220111	-0.243253	-0.008411	0.158432
1.000000
850
-0.258461	-0.379503	0.302428	0.168452	0.343041	0.702173	0.858642	0.486740	0.054933	0.383752	0.221277	0.468752	0.235401	0.319244	0.478871	-0.501108
1.000000
386
-0.408258	-0.258285	-0.171256	-0.186700	-0.499629	-0.305627	-0.097887	0.115105	0.365191	0.000000	0.000000	0.000000	0.000000	0.000000	0.000000	0.000000
1.000000
109
-0.551138	-0.300422	-0.008076	-0.071684	-0.164608	0.257818	0.242431	0.366101	0.161399	0.129909	0.921069	0.608073	-0.078344	0.000000	0.000000	0.000000
1.000000
293
-0.221430	0.078818	-0.046745	-0.063369	-0.036415	-0.045338	0.095223	0.190415	0.082097	0.115735	-0.079181	0.104915	0.280242	-0.245589	-0.670963	-1.083932
1.000000
626
-0.115096	-0.365755	-0.180057	-0.194713	-0.130193	-0.563014	-0.413115	-0.515701	-0.402709	-0.287875	-0.270170	-0.396398	-0.174054	0.046130	0.044420	0.128838
1.000000
408
-0.093983	-0.197591	-0.028858	0.219769	0.248536	0.021077	0.057909	-0.148930	-0.289512	-0.543268	-0.426366	-0.207382	-0.257950	-0.163588	-0.168338	-0.138414
1.000000
162
0.000000	0.000000	0.000000	0.000000	0.000000	0.000000	0.000000	0.137740	0.302435	0.191947	-0.105099	-0.370817	-0.196439	-0.300813	-0.139214	0.000000
1.000000
351
0.000000	0.000000	0.000000	-0.107857	-0.029572	0.000000	0.000000	0.000000	0.000000	0.000000	0.057101	0.244625	-0.718735	-1.099771	-0.226766	0.044701
1.000000
274
-0.293422	-0.261122	-0.034382	-0.050292	-0.139585	0.043648	0.132411	0.243663	0.046170	0.440597	0.688855	0.635348	-0.027547	-0.029352	0.000000	0.000000
1.000000
55
0.000000	0.000000	0.000000	0.000000	-0.029419	-0.565370	-0.179334	-0.239756	-0.205727	-0.017938	0.123398	0.270577	0.472823	0.471185	-0.333173	0.000000
1.000000
679
-0.825818	-0.733797	-0.108712	-0.081580	0.221541	0.440723	0.216697	-0.048802	0.154088	0.256554	0.043472	0.268671	-0.026092	0.119382	-0.351043	-0.382168
1.000000
714
0.014615	-0.182497	-0.014094	-0.284645	-0.066212	0.376121	0.277254	0.887222	0.562181	0.297844	0.336856	-0.118310	-0.021395	0.000000	0.000000	0.000000
1.000000
1227
-0.001159	0.169885	-0.024553	-0.132613	-0.081768	-0.283387	-0.266503	0.299953	-0.115645	0.070124	-0.631996	0.290232	0.873732	0.815425	0.407392	-0.171242
1.000000
676
-0.153925	0.128859	0.206344	-0.211997	-0.423404	0.221635	0.386783	0.222270	-0.166053	0.240700	0.046906	-0.129254	-0.113969	-0.595921	-0.416023	-0.374120
1.000000
1262
0.000000	0.000000	0.000000	0.000000	0.000000	0.000000	0.000000	-0.044143	-0.213337	-0.228358	0.017936	0.101847	0.360475	-0.214105	-0.388916	-0.040423
1.000000
798
-0.107291	0.679492	0.142993	0.338419	0.801439	0.460234	-0.500450	0.200071	-0.051657	0.841912	0.445744	0.250270	-0.009493	0.032754	0.000000	0.000000
1.000000
1121
0.000000	0.000000	0.000000	0.000000	0.000000	0.000000	0.299016	0.257021	0.047883	0.048771	-0.032300	-0.232074	-0.461710	-0.429758	-0.064134	-0.356037
1.000000
987
0.000000	0.000000	0.000000	0.000000	0.000000	0.000000	0.000000	-0.037576	-0.786884	-0.228610	0.367249	0.206995	-0.175792	-0.247781	-0.004206	0.026329
1.000000
516
-0.110266	-0.045098	-0.249685	-0.357824	-0.064458	0.144435	-0.279079	0.109804	0.128993	0.182036	-0.228928	-0.584408	-0.285993	-0.489631	-0.385806	0.000000
1.000000
343
-0.234370	-0.558715	-0.122664	0.002467	0.107002	-0.238642	0.258458	0.128701	-0.194134	-0.259296	-0.184491	0.783362	0.102834	-0.105561	-0.011313	-0.237110
1.000000
299
0.227054	0.023714	0.404328	0.504888	0.112844	0.003510	0.050683	-0.172053	-0.211583	-0.065321	-0.044612	0.233691	-0.093762	0.017730	0.033926	-0.978565
1.000000
164
-0.353183	-0.246823	-0.029207	-0.130033	0.069568	0.361787	0.271522	0.532734	0.381703	0.367094	0.295920	-0.265905	-0.039767	0.000000	0.000000	0.000000
1.000000
315
0.000000	0.000000	0.000000	0.000000	-0.132416	-0.151050	-0.329016	0.093325	0.525008	-0.130200	0.000000	0.000000	0.000000	0.000000	0.000000	0.000000
1.000000
237
-0.408219	-0.549766	-0.259166	-0.000587	-0.204518	0.414428	-0.125512	0.140532	0.081446	0.248022	-0.256802	-0.391161	0.197646	0.083354	-0.519081	-0.173052
1.000000
962
0.324740	-0.092622	-0.259368	-0.426633	-0.212709	-0.202245	0.436236	0.233643	-0.128868	-0.211127	-0.156556	0.477081	0.692994	0.282021	-0.345364	-0.218729
1.000000
960
-0.170747	-0.365125	-0.066192	-0.076996	0.109985	0.385183	-0.234137	-0.739585	-0.070946	0.220414	0.320839	0.111820	-0.223249	-0.371382	-0.247845	0.002838
1.000000
54
-0.155959	-0.197482	-0.081292	-0.124009	-0.027391	0.055097	-0.104917	-0.024678	0.150536	0.124674	0.245805	0.743198	0.695874	0.242223	0.000000	0.000000
