225
16
1.000000
671
-3.056330	-1.757754	-0.367844	0.429060	0.415356	0.657133	0.863518	0.648277	0.606120	0.672732	0.687457	0.496936	0.404439	0.269612	-1.186668	-1.298779
1.000000
672
-1.791509	-0.862064	-1.573626	0.340336	0.031602	0.109366	0.146042	-0.181595	-0.089214	0.062116	0.009182	-0.056626	0.018544	-0.056011	-0.338579	-1.093322
1.000000
401
-0.005610	-0.009676	-0.032095	-0.039780	-0.027996	-0.018678	-0.137518	-0.858112	-1.930233	-0.849504	0.308018	0.257598	0.372193	-0.137250	0.129773	-1.082465
1.000000
295
0.255267	-0.505838	-1.513176	-0.064809	0.277957	0.337870	0.405728	0.414315	0.290118	-0.005192	-0.282569	-0.400213	-0.704762	-1.820220	-0.705337	-1.827651
1.000000
446
0.046042	0.574070	0.316068	0.457733	0.122744	-0.069321	-0.369609	-2.022078	-0.455292	-0.039497	-0.015011	-0.001892	-0.002305	-0.002220	-0.001304	-0.000363
1.000000
558
-1.802443	0.074977	0.191519	-0.008937	-0.166070	-0.430014	0.046411	-0.485468	0.035712	-0.344735	-0.072215	-0.037776	-0.017685	-0.028649	0.000000	0.000000
1.000000
950
-1.416871	0.280097	-0.090077	-0.038099	-0.116031	0.282220	0.258165	-0.165739	-0.183610	0.077964	0.066953	-0.471473	-0.730490	0.549223	-0.505482	-0.766644
1.000000
556
-1.016596	0.018078	0.022882	0.093120	-0.092771	-0.211672	0.094355	-0.100874	0.336488	-0.042633	-0.002176	-0.007178	-0.003032	0.000000	0.000000	0.000000
1.000000
962
-0.987438	0.375889	0.284035	-0.123293	-0.453346	-0.400461	-0.043732	-0.247054	-0.014335	0.186495	0.085740	0.141698	-0.248446	-1.362104	-1.218845	-0.420164
1.000000
1106
-0.047668	0.397884	0.023699	0.112048	-0.036626	-0.049126	-0.075315	-1.267067	-0.029840	-0.003171	-0.001733	-0.000613	-0.000150	-0.000031	-0.000030	-0.000490
1.000000
949
-0.805251	0.074871	-0.297048	-0.010563	0.016435	0.320026	0.198263	0.127334	0.016009	-0.294865	-0.106846	0.118837	0.586593	-0.130575	-0.259773	-0.136077
1.000000
130
0.082451	-0.679809	-0.068528	0.218850	0.016423	0.104125	0.255122	-0.110205	-0.105646	-0.113610	-0.094237	0.044880	-0.061082	-1.090547	-0.034433	-0.866691
1.000000
1049
-0.007058	-0.000168	-0.000014	-0.001072	-0.004751	-0.826397	-0.870894	-0.023371	0.009878	-0.069206	0.147146	0.358550	-0.073571	-0.367203	-0.003073	-0.002701
1.000000
767
0.000000	0.000000	0.000000	0.000000	0.000000	0.000000	0.000000	0.017445	0.029602	-0.568501	-0.805543	0.174525	-1.241265	-0.007799	0.182955	-0.000001
1.000000
1233
-0.000065	-0.000001	-0.000350	-0.006380	-0.001193	-0.015751	-0.623374	-1.078341	-1.097781	-0.906549	-0.641038	-0.381580	-0.065569	-0.217043	0.023103	0.106400
1.000000
688
-0.484006	0.163020	-0.007320	0.082960	0.075896	0.028982	-0.294362	-0.286948	-0.031616	0.018178	-0.000760	-0.177465	0.268994	-0.227645	-0.721968	-0.261399
1.000000
961
-0.625233	-0.088320	0.125270	-0.022218	0.005931	0.117570	-0.163760	-0.311337	-0.099154	-0.077655	0.082727	0.344688	-0.627925	0.361456	0.135967	-0.730892
1.000000
963
-0.508839	0.018591	0.029706	-0.180812	-0.071142	0.168613	0.007008	0.099370	0.245523	0.201679	0.110716	-0.693198	-0.761986	-0.397196	-0.107713	-0.000940
1.000000
986
0.000000	0.000000	0.000000	0.000000	0.000000	0.000000	0.000000	-0.108776	0.051356	0.021664	-0.014034	0.042640	-0.439720	-1.178906	-0.339871	0.000000
1.000000
299
-0.032458	-0.465038	-0.101917	-0.270165	-0.050489	0.067184	-0.033318	0.030761	0.045907	0.041853	0.156498	-0.132986	-0.656366	-0.035871	-0.782452	-0.269210
1.000000
437
0.000000	0.000000	0.000000	0.000000	0.000000	0.000000	0.000000	-0.034291	0.077627	-0.024506	-1.748635	-0.624474	-0.000000	0.000000	0.000000	0.000000
1.000000
693
-0.191510	-0.174169	-0.097451	0.083907	-0.031203	0.111847	-0.179987	-0.350560	-0.007971	0.000000	0.000000	0.000000	0.000000	0.000000	0.000000	0.000000
1.000000
572
-0.040858	-0.566979	0.189930	0.046122	-0.105723	-0.011346	0.013560	-0.331379	-0.627034	-0.133350	-0.061520	-0.003227	-0.000423	-0.000733	-0.000019	0.000000
1.000000
327
0.000000	0.000000	0.000000	0.000000	0.000000	0.000000	0.000000	0.159963	-0.026319	0.054145	0.025796	-0.078018	-0.924542	-0.473207	-0.136609	0.000000
1.000000
114
0.065183	0.007999	-0.221198	-0.710590	-1.313436	0.125012	-0.021984	-0.000127	-0.000022	-0.000020	-0.000006	-0.000005	-0.000001	-0.000000	-0.000000	0.000000
1.000000
682
-0.021663	-0.105175	-1.318822	-0.020850	0.235016	-0.101973	-0.254252	0.244730	0.122943	-0.050259	-0.046241	0.044762	-0.033314	-0.414794	-0.076986	-0.002012
1.000000
445
0.112148	0.064921	-0.352886	-0.109075	0.021063	0.109529	0.045683	-0.637634	-0.009578	-0.000062	-0.000025	-0.000005	-0.000002	-0.000008	-0.000002	0.000000
1.000000
408
-0.007608	-0.013263	-0.669570	-1.302753	-0.140033	-0.329686	-0.112388	0.116528	0.116217	0.016200	-0.369433	0.386986	0.553065	0.147882	0.772781	0.168273
1.000000
1227
-0.782931	-0.591905	-0.256666	0.022619	-0.016746	-0.127641	0.007380	-0.043557	0.214739	-0.018295	0.176069	0.111079	0.158928	-0.002389	0.500186	-0.153470
1.000000
557
-0.374408	0.105295	0.002621	0.047567	-0.133347	-0.199142	-0.042143	-0.673813	0.258955	-0.358473	-0.002351	-0.000097	-0.000826	-0.000043	0.000000	0.000000
1.000000
554
-0.255419	0.021405	0.054733	0.035816	-0.102806	-0.353748	0.458886	0.199694	-0.015312	-0.000405	-0.000473	0.000000	0.000000	0.000000	0.000000	0.000000
1.000000
389
-0.000076	-0.000012	-0.000116	-0.002082	-0.000187	-0.321321	-0.722198	0.058114	-0.015627	-0.067335	0.198183	0.394724	0.210027	-0.576340	0.000000	0.000000
1.000000
386
0.401404	-0.154964	0.283423	-0.183869	0.049075	-0.542589	-0.075864	0.026660	0.161199	-0.871198	-0.694879	0.000000	0.000000	0.000000	0.000000	0.000000
1.000000
736
-0.105983	-0.215616	0.481978	-1.109011	0.409830	0.027582	-0.536561	1.375419	-0.059993	-0.047244	0.123334	0.262928	1.159985	0.372324	0.305167	-0.149618
1.000000
162
0.000000	0.000000	0.000000	0.000000	0.000000	0.000000	0.000000	0.015964	0.158896	0.085642	0.019283	-0.190469	-0.840974	-0.441996	-0.114377	0.000000
1.000000
1226
-0.864026	0.011197	-0.106524	0.100256	-0.252687	-0.001914	0.081979	-0.034175	-0.287405	0.374891	0.067711	0.034522	-0.268480	0.059548	0.496243	-0.062321
1.000000
1097
0.000000	0.000000	0.000000	0.000000	0.000000	0.000000	0.000000	0.188824	0.045988	-0.009771	-0.909139	-0.260830	-0.000034	0.000000	0.000000	0.000000
1.000000
990
-0.000031	-0.140143	-0.389848	-0.079846	0.258955	0.030769	-0.062398	0.132742	-0.040312	-0.266948	-1.215027	-0.366813	-0.567430	-0.799095	-0.000001	0.000000
1.000000
442
-0.287848	-0.222572	-0.096856	0.021914	0.066863	0.205955	-0.761953	-0.019319	-0.000499	-0.000038	-0.000008	-0.000005	-0.000001	-0.000012	-0.000003	0.000000
1.000000
1228
-0.364625	-0.830018	0.156595	-0.177171	-0.001996	-0.331186	-0.004171	0.067798	-0.044798	0.285025	0.315218	-0.138010	0.270997	0.076361	0.273465	-0.054977
1.000000
951
-0.275939	0.028045	0.017978	-0.104828	0.015654	0.270012	0.101990	0.212766	-0.064789	-0.263636	-0.292323	0.461616	-0.326512	-0.445496	0.363363	-0.173025
1.000000
1231
0.000000	-0.000000	-0.000013	-0.000264	-0.000076	-0.001612	-0.236815	-0.614983	-0.761368	-0.313673	-0.202910	-0.311486	-0.124053	-0.059723	0.085022	0.051924
1.000000
400
-0.000009	-0.000006	-0.000065	-0.000082	-0.000014	-0.000052	-0.001042	-0.003276	-0.240282	-0.019986	0.065313	-0.126812	-0.061825	0.046228	0.225602	-0.614311
1.000000
548
0.000000	0.000000	0.000000	0.000000	0.000000	0.000000	0.000000	-0.000151	-0.194205	-0.166682	0.097720	0.085064	-0.380255	-0.525735	-0.524758	0.000000
1.000000
134
0.113900	-0.793221	0.164549	-0.004395	-0.046665	0.044918	0.061581	-0.162817	0.030189	0.010037	0.139035	-0.387270	-0.205935	0.035368	-0.435185	-0.048769
1.000000
113
0.045832	-0.090068	-0.161752	-0.679902	0.034373	-0.210952	-0.002009	-0.000003	-0.000016	-0.000008	-0.000006	-0.000004	-0.000000	-0.000000	-0.000000	0.000000
1.000000
553
-0.118895	0.066431	0.017885	0.085567	-0.583556	-0.420543	0.568768	-0.213479	-0.173069	-0.000189	0.000000	0.000000	0.000000	0.000000	0.000000	0.000000
1.000000
296
0.000000	0.000000	0.000000	0.000000	0.000000	0.000000	-0.000167	-1.163107	-0.800622	1.165956	0.317727	0.669348	0.403430	0.107099	0.118356	-0.086376
1.000000
769
0.004643	-0.277681	-0.861989	0.287758	0.374609	-0.002150	-0.001495	-0.000532	-0.000003	-0.000012	0.000000	0.000000	0.000000	0.000000	0.000000	0.000000
1.000000
679
-0.004282	-0.003399	-0.002146	-0.111972	-0.809339	-0.007809	-0.023648	0.156762	0.193620	-0.498830	-0.143327	-0.075527	0.214699	0.093578	-0.013201	-0.085185
1.000000
571
0.000000	-0.000000	-0.000000	-0.000080	-0.943592	-1.057967	-0.581126	-0.318487	0.241192	0.344632	-0.002699	-0.248503	-0.062862	0.107931	-0.337453	0.038391
1.000000
1259
0.000000	0.000000	0.000000	0.000000	0.000000	0.000000	0.000000	-0.692876	-0.037700	0.046986	0.007690	-0.481846	-0.366554	-0.000069	0.000000	0.000000
1.000000
846
0.082338	0.800635	-0.016696	0.617116	0.767043	0.548229	0.458729	-0.024553	0.676720	0.338319	-0.000152	-0.000051	-0.852748	-0.033984	0.900191	-0.096258
1.000000
626
-0.000406	-0.002530	-0.000364	-0.156438	-0.204034	-0.051741	-0.543889	-0.743152	-0.197124	-0.128740	0.280425	-0.167612	-0.004588	-0.029217	-0.028774	0.058682
1.000000
964
-0.171409	0.072054	-0.094113	-0.397835	0.235033	0.252382	-0.054010	0.707560	0.278916	-0.488950	-0.589330	-0.014963	-0.126356	-0.049212	-0.000383	-0.000002
1.000000
980
0.000000	0.000000	0.000000	0.000000	-0.000000	-0.506039	-0.685019	0.034670	-0.010221	-0.148349	0.015559	-0.000014	0.000000	0.000000	0.000000	0.000000
1.000000
704
0.000000	0.000000	0.000000	0.000000	0.000000	-0.107197	-0.569259	0.053838	-0.009153	-0.050772	-0.232419	-0.001275	0.000000	0.000000	0.000000	0.000000
1.000000
1219
0.043192	0.025521	-0.486989	-0.226292	-0.160307	0.458541	0.856358	0.491182	0.220464	0.339520	0.367172	1.259307	0.808674	-0.403718	-0.075282	-0.065227
1.000000
952
-0.061784	0.299904	-0.044430	-0.012409	0.009579	0.208636	0.145462	0.007237	0.102198	-0.046605	-0.596502	-0.012335	0.708191	-0.639591	-0.638367	0.036523
1.000000
23
-0.000005	-0.000002	-0.000002	-0.000001	-0.000027	-0.000229	-0.003771	-0.004145	-0.429059	-0.993272	-0.794078	0.219460	-0.084628	-0.953474	-0.422096	0.071115
1.000000
1238
-0.502701	0.006153	-0.002939	-0.046535	-0.145018	0.125905	0.348691	0.294703	-0.280512	-0.600521	-0.162542	-0.360970	-0.000811	0.706625	0.341785	-0.261191
1.000000
555
-0.195929	0.057840	0.044265	-0.093677	-0.045003	-0.412064	0.241369	-0.209617	-0.416098	-0.000041	-0.000227	-0.000210	0.000000	0.000000	0.000000	0.000000
1.000000
987
0.000000	0.000000	0.000000	0.000000	0.000000	0.000000	0.000000	-0.000499	0.084994	0.007904	0.160164	-0.281852	0.002007	-0.020509	-0.620161	-0.000359
1.000000
559
-0.449546	0.141866	0.100680	-0.100675	-0.142710	0.047357	0.579210	-0.268307	-0.080888	-0.562154	-0.005794	-0.001712	-0.000353	-0.000452	-0.000174	0.000000
1.000000
562
-0.078760	-0.403486	0.159338	0.014992	-0.140516	0.005886	0.074781	0.425446	-0.459887	-0.236912	-0.209101	-0.007201	-0.002596	-0.002912	-0.003047	-0.000481
1.000000
621
-0.528108	-0.090413	-0.176617	0.066482	-0.076981	0.013417	0.030612	0.148661	0.024542	0.336363	0.264619	-0.167440	-0.054128	0.767881	0.921838	-0.026999
1.000000
561
-0.089418	-0.299627	0.111126	-0.054908	0.031155	-0.050147	-0.013549	0.097456	-0.115301	-0.188834	-0.057356	-0.005313	-0.001850	-0.001823	-0.001699	-0.000194
1.000000
405
-0.000003	-0.000000	-0.000029	-0.000027	-0.000139	-0.000108	-0.000025	-0.006405	-0.012062	-0.300036	0.004332	0.018464	0.032385	-0.034231	-0.326008	-0.376701
1.000000
583
-0.000095	-0.000724	-0.086689	0.179874	-0.014839	0.060992	-0.039266	-0.202644	-0.000002	0.000000	0.000000	0.000000	0.000000	0.000000	0.000000	0.000000
1.000000
957
-0.107774	0.103880	0.034806	0.038991	-0.021992	-0.025323	-0.161818	-0.296677	-0.674405	-0.410385	-0.041857	-0.051520	-0.011934	-0.005540	-0.000996	-0.000174
1.000000
603
0.000000	0.000000	0.000000	0.000000	0.000000	0.000000	0.000000	-0.000015	-0.542116	-0.394833	0.070796	0.138163	-0.020287	-0.117253	0.071743	-0.338022
1.000000
1102
0.004232	-0.141850	0.025685	-0.020412	0.024058	0.123742	-0.528060	-0.002655	-0.000116	-0.000036	-0.000014	-0.000012	-0.000000	-0.000000	-0.000000	-0.000001
1.000000
617
-0.120816	-0.061377	0.050042	-0.346063	0.348427	-0.015111	-0.127552	0.524669	0.119221	0.105254	0.612917	0.923194	0.864468	-0.000001	-0.000000	-0.000000
1.000000
143
0.000000	-0.000001	-0.003992	-0.627448	0.030754	-0.065215	-0.028741	0.128956	0.125043	0.000000	0.000000	0.000000	0.000000	0.000000	0.000000	0.000000
1.000000
115
0.037439	-0.049397	0.110789	0.137426	-1.398800	-0.124401	0.421189	-0.002663	-0.000005	-0.000033	-0.000017	-0.000001	-0.000000	-0.000000	-0.000000	-0.000000
1.000000
563
-0.012521	-0.280303	0.083918	0.084119	-0.114192	0.029776	-0.059351	0.082511	-0.449624	-0.255096	-0.391252	-0.008256	-0.003603	-0.001467	-0.003463	-0.001405
1.000000
900
-0.061259	0.427593	-0.077504	-1.494612	-0.118832	0.456263	-0.668597	-0.170859	0.377665	-0.005644	-0.197807	-0.149126	0.405280	0.159917	-0.305203	-0.759001
1.000000
552
-0.098804	0.049039	0.175875	-0.387294	-0.491564	0.482401	-0.332843	-0.555412	-0.000001	-0.000000	0.000000	0.000000	0.000000	0.000000	0.000000	0.000000
1.000000
678
-0.020146	-0.004977	-0.015854	-0.264677	-0.581475	0.476941	-0.025612	-0.293040	0.402380	-0.473253	-0.133925	0.201996	0.095184	-0.013104	0.135440	-0.265947
1.000000
859
0.000000	0.000000	-0.000000	-0.000000	-0.000003	-0.000942	-0.344378	0.040799	-0.052436	0.000000	0.000000	0.000000	0.000000	0.000000	0.000000	0.000000
1.000000
329
0.139276	-0.173885	0.030732	0.035741	-0.014480	0.598230	-1.162571	-0.360112	-0.052551	-0.000884	-0.000005	-0.000000	-0.000000	-0.000006	-0.000001	0.000000
1.000000
1236
-0.340458	-0.385583	0.279840	-0.027023	0.095606	-0.500553	0.130915	0.071938	0.018831	0.261804	0.025348	0.297355	-0.203514	-1.166576	0.213334	-0.243639
1.000000
860
0.000000	0.000000	-0.000000	-0.000000	-0.000001	-0.000808	-0.389367	0.034831	-0.043997	0.000000	0.000000	0.000000	0.000000	0.000000	0.000000	0.000000
1.000000
463
-0.000002	-0.000012	-0.000949	-0.962837	0.015333	-0.368736	0.028115	0.120303	-0.049020	0.023552	-0.169477	-0.273921	0.094853	0.005646	0.412026	0.033317
1.000000
511
-0.004771	-0.283476	-0.028640	-0.051314	0.120793	-0.101839	-0.162049	0.178734	0.548824	0.007269	-0.710899	-0.066437	0.000000	0.000000	0.000000	0.000000
1.000000
861
0.000000	0.000000	0.000000	-0.000000	-0.000000	-0.000547	-0.363174	0.038874	-0.049000	0.000000	0.000000	0.000000	0.000000	0.000000	0.000000	0.000000
1.000000
298
-0.000001	0.000000	0.000000	0.000000	-0.000009	-0.000009	-0.220038	-0.869740	-0.620830	0.273799	0.351671	0.558423	0.697170	0.226897	-0.182306	-0.089959
1.000000
622
-0.361717	-0.166833	-0.104200	-0.018215	-0.003873	0.085660	0.075592	0.081033	-0.208358	-0.061654	0.124530	0.119170	-0.258668	0.016330	0.446866	0.242160
1.000000
929
0.000000	0.000000	0.000000	0.000000	0.000000	0.000000	-0.489781	0.036085	-0.002903	-1.070469	-0.193868	-1.179674	-1.279476	-0.000027	0.000000	0.000000
1.000000
109
0.090062	-0.018952	0.095059	-0.022694	-0.058782	-0.632460	-0.322033	0.218501	-1.173419	-0.443943	-0.129327	-0.000003	-0.000000	-0.000000	-0.000000	0.000000
1.000000
1208
0.000000	0.000000	0.000000	0.000000	0.000000	0.000000	0.000000	-0.000001	-0.226283	-0.148967	0.062502	0.036471	-0.128059	-0.132776	-1.085217	-0.000000
1.000000
904
-0.029078	0.160163	-0.199853	-1.443892	-0.317134	0.202280	-0.650059	0.040516	0.515380	-0.004096	0.068135	0.100561	0.633035	0.203288	-0.275781	-0.654909
1.000000
862
0.000000	0.000000	0.000000	-0.000000	-0.000000	-0.000532	-0.307557	0.038844	-0.053199	0.000000	0.000000	0.000000	0.000000	0.000000	0.000000	0.000000
1.000000
895
0.003472	-0.858321	-0.081837	-0.018172	-0.028374	-0.002272	-0.000001	-0.000000	0.000000	-0.000001	-0.000002	-0.000013	-0.000011	-0.000000	-0.000000	0.000000
1.000000
848
0.161351	0.604385	-0.077869	0.438215	0.577161	0.002765	-0.069603	-0.042397	0.755902	0.384494	-0.000262	-0.000096	-0.454278	-0.009442	0.288672	-0.070002
1.000000
680
-0.070450	-0.001041	-0.009396	-0.014521	-0.568343	-0.218073	-0.003847	0.325360	-0.126874	-0.294044	-0.586288	-0.163433	0.535076	0.027339	0.022444	-0.036669
1.000000
418
0.000000	0.000000	0.510812	0.287588	0.532960	0.007908	-0.084004	-0.155741	-0.000175	0.000000	0.000000	0.000000	0.000000	0.000000	0.000000	0.000000
1.000000
858
-0.000170	-0.000130	-0.000012	-0.000008	-0.000009	-0.000651	-0.376045	0.038951	-0.044445	0.000000	0.000000	0.000000	0.000000	0.000000	0.000000	0.000000
1.000000
629
-0.000646	-0.091491	-0.567647	0.070810	0.187905	0.202048	-0.065101	-0.202404	-0.133986	-0.150924	0.350088	0.252438	0.079448	-0.093705	-0.314719	-0.869749
1.000000
1060
-0.000042	-0.000059	-0.000111	-0.000188	-0.000002	-0.023267	-0.056030	-0.001100	-0.118750	-0.096395	0.037983	-0.067362	0.117519	0.262276	0.104468	-0.493034
1.000000
863
0.000000	0.000000	0.000000	-0.000000	-0.000000	-0.000431	-0.389785	0.034180	-0.041831	0.000000	0.000000	0.000000	0.000000	0.000000	0.000000	0.000000
1.000000
1237
-0.268628	-0.129751	-0.091020	0.036571	-0.141267	0.200866	0.082012	-0.071789	0.179295	-0.158198	0.059064	-0.432260	-0.290756	-0.383220	0.679927	-0.172945
1.000000
864
0.000000	0.000000	0.000000	-0.000000	-0.000000	-0.000318	-0.379369	0.033678	-0.042815	0.000000	0.000000	0.000000	0.000000	0.000000	0.000000	0.000000
1.000000
673
-0.108154	-0.058646	-0.215783	0.583360	-0.051701	-0.088897	0.057213	0.258008	0.300516	0.052418	-0.153008	-0.095184	-0.017076	-0.235900	-0.169856	-0.057916
1.000000
955
-0.000494	-0.000099	1.008715	0.038675	-0.106650	0.091283	-0.151423	0.379072	0.901539	-0.048702	-0.265562	-0.585693	-0.261597	-0.089056	-0.077543	-0.116871
1.000000
865
0.000000	0.000000	0.000000	0.000000	-0.000000	-0.000411	-0.597329	0.039702	-0.043481	-0.000000	0.000000	0.000000	0.000000	0.000000	0.000000	0.000000
1.000000
878
0.000000	0.000000	0.000000	0.000000	0.000000	0.000000	0.000000	0.052496	0.106734	0.246559	0.107393	0.181436	0.266350	-0.355695	-0.297605	-0.028708
1.000000
279
0.007485	0.012146	-0.006236	-0.559221	-0.832954	0.295745	0.078458	-0.000746	-0.000073	-0.000100	-0.000017	-0.000001	-0.000003	-0.000000	-0.000000	-0.000001
1.000000
409
-0.001516	0.216299	-0.216447	-0.009383	0.212074	-0.236714	-0.429580	-0.763208	-0.513318	-0.019348	-0.000001	0.000000	0.000000	0.000000	0.000000	0.000000
1.000000
277
-0.016510	0.080600	-0.641722	0.180049	-0.785454	-0.425604	-0.000640	-0.000337	-0.000095	-0.000001	-0.000000	-0.000002	-0.000001	-0.000000	0.000000	-0.000001
1.000000
654
0.000000	0.000000	0.000000	0.000000	0.000000	0.000000	0.000000	-0.368173	-0.058461	0.073153	0.034870	-0.401886	-0.020532	-0.000001	0.000000	0.000000
1.000000
686
-0.080728	-0.632107	-0.088722	0.717089	-0.042546	0.018918	-0.001300	-0.162681	0.138737	-0.216958	-0.215238	-0.450151	0.026098	0.272276	0.465035	-0.236070
1.000000
942
-0.074904	0.024228	0.103045	-0.092842	0.126603	0.173342	-0.324910	-0.756381	-0.252701	-0.054641	-0.000968	-0.001873	-0.005607	-0.024513	-0.012081	-0.001296
1.000000
689
-0.139499	0.117423	0.121573	-0.175489	0.020549	-0.162124	-0.521652	0.533460	0.277006	-0.951952	0.196458	0.737321	0.181396	-0.012461	-0.007409	-0.000942
1.000000
1107
0.067411	0.201219	0.153828	0.186879	-0.116349	0.050491	-0.039847	-0.473570	-0.001298	-0.000125	-0.000002	-0.000039	-0.000048	-0.000000	-0.000000	-0.000001
1.000000
447
-0.274477	0.131663	0.054891	0.079247	-0.055675	0.012630	0.014416	-0.309470	-0.000901	-0.000126	-0.000003	-0.000044	-0.000044	-0.000000	-0.000000	-0.000000
1.000000
690
-0.177063	0.050038	-0.011709	0.074046	-0.210375	0.005372	0.063914	-0.040736	-0.067699	0.580512	0.272515	-0.013069	-0.001398	-0.000043	-0.000004	-0.000007
1.000000
633
-0.287572	-0.110645	-0.010253	0.051713	-0.020390	-0.110317	0.544084	0.263026	-0.318860	-0.192733	-0.335032	-0.017770	-0.000001	-0.000014	-0.000227	-0.001011
1.000000
954
-0.000507	-0.109994	0.255719	-0.174032	-0.070892	-0.247337	0.578918	0.250379	-0.048144	0.042625	-0.084727	-0.013382	0.342909	-0.433482	-0.092947	-0.310457
1.000000
694
0.000000	0.545200	0.171234	-0.083237	0.078483	-0.005096	-0.194415	-0.151560	-0.031075	0.000000	0.000000	0.000000	0.000000	0.000000	0.000000	0.000000
1.000000
573
-0.000000	-0.000001	-0.000001	-0.643985	-0.706372	-0.192197	-0.448468	-0.505589	-0.214354	0.011453	0.296141	0.020069	0.229375	-0.054264	-0.227565	0.010113
1.000000
703
0.000000	0.000000	0.000000	0.000000	-0.000004	-0.437755	-0.217605	-0.011875	0.017800	-0.084249	-0.034630	-0.000020	0.000000	0.000000	0.000000	0.000000
1.000000
733
-0.002921	-0.522317	-0.285771	-0.107182	-0.025592	-0.002207	0.326006	0.946952	-0.004583	-0.000336	-0.078637	-0.057721	-0.000081	-0.000754	-0.016675	-0.026376
1.000000
977
0.000000	0.000000	0.000000	-0.000000	-0.000131	-0.568226	0.069635	0.000965	-0.008489	-0.770950	-0.000023	0.000000	0.000000	0.000000	0.000000	0.000000
1.000000
167
0.109585	0.016079	-0.352185	-0.276902	0.193448	-0.778580	-0.263199	-0.213606	0.654402	0.227342	-0.386860	-0.016431	0.050271	-0.000000	0.000000	0.000000
1.000000
620
-0.227795	-0.014475	-0.146514	0.179851	-0.287368	0.109388	0.049277	0.351420	0.190657	0.403131	-0.037044	-0.256300	0.733587	-0.017756	0.008566	-0.000498
1.000000
628
-0.000052	-0.000845	-0.000009	-0.094510	-0.125561	-0.003331	-0.361828	-0.475739	-0.372988	-0.402297	0.011234	0.328258	0.026225	-0.055721	-0.131547	0.088637
1.000000
738
-0.101310	-0.327410	-0.272540	-1.348657	-0.240501	0.045179	-0.507302	0.844175	-0.014310	-0.024854	0.062922	0.445449	0.876207	0.108687	0.293522	-0.080232
1.000000
129
-0.210276	0.171620	-0.074322	0.024945	-0.510652	0.264030	0.105439	-0.081900	-0.055342	0.082277	-0.112838	-0.517222	-0.180711	0.304361	-0.162231	-0.000857
1.000000
687
-0.027092	-0.466816	0.407134	0.159685	0.053150	-0.157706	0.130167	-0.700454	0.043738	-0.084205	0.044040	0.219821	-0.203286	0.191249	0.074505	-0.922049
1.000000
564
-0.001201	-0.280433	0.046135	0.088998	-0.123666	0.084910	-0.115809	0.088976	-0.379487	-0.465088	-0.416456	-0.012138	-0.005087	-0.000761	-0.001751	-0.000678
1.000000
560
-0.167238	-0.043532	0.048649	0.014551	-0.020379	-0.142999	0.074031	-0.612540	-0.004179	-0.270819	-0.006268	-0.001875	-0.000437	-0.000674	-0.000022	0.000000
1.000000
441
0.064184	-0.059980	0.008705	-0.023431	-0.682294	-0.000537	-0.001239	-0.000110	-0.000001	-0.000000	-0.000000	-0.000000	-0.000000	-0.000000	0.000000	0.000000
1.000000
677
-0.023443	-0.006450	-0.018379	-0.395641	-0.439295	0.073886	-0.206425	-0.249773	0.191547	-0.133014	-0.123634	0.149920	-0.162746	0.184365	0.082498	-0.272314
1.000000
505
-0.098206	-0.126767	0.048763	0.052950	0.147773	0.166188	0.079343	0.740451	-0.184226	-0.218838	-0.000000	-0.000000	0.000000	0.000000	0.000000	0.000000
1.000000
992
0.072738	-0.057056	-0.179619	-0.132862	-0.434364	0.218137	-0.495296	-0.349190	-0.000000	-0.000000	-0.000001	-0.000000	-0.000000	-0.000000	-0.000000	0.000000
1.000000
1065
-0.000001	-0.000000	-0.000073	-0.000022	-0.000084	-0.000049	-0.000007	-0.008839	-0.013252	-0.213172	0.045069	0.002707	-0.005290	0.061602	-0.217887	-0.154836
1.000000
660
0.000000	0.000000	0.000000	0.057148	0.523353	0.076657	0.537973	-0.119929	-0.125427	0.285225	-0.009741	-0.646407	-0.395284	-1.277375	-0.535606	-0.000843
1.000000
460
0.000000	0.000000	0.000000	0.010973	0.506271	-0.024497	-0.073174	0.008447	0.016785	-0.504548	0.456066	-0.619606	-0.004100	-0.000491	-0.000119	-0.000000
1.000000
1120
0.000000	0.000000	0.000000	0.011363	0.245606	0.115775	-0.001009	-0.006009	0.021168	-0.346053	0.391114	-0.563572	-0.003036	-0.001586	-0.000125	-0.000002
1.000000
1046
0.178098	0.296314	0.436787	-0.044492	-0.104226	-0.367091	0.144847	-0.063758	-0.042884	0.086187	-0.250454	0.000000	0.000000	0.000000	0.000000	0.000000
1.000000
510
-0.343958	-0.063142	-0.031455	-0.021213	0.066371	0.018476	-0.239710	0.326751	0.449544	-0.422675	-0.312377	-0.000000	0.000000	0.000000	0.000000	0.000000
1.000000
959
-0.000646	-0.151689	0.565917	0.258999	-0.211343	0.340870	0.301230	0.075805	-0.261175	-0.244681	-0.388929	-0.235180	-0.091455	-0.202964	-0.030502	-0.028493
1.000000
1222
-0.130994	-0.025210	0.131064	-0.329920	0.224387	-0.261427	-0.040292	0.331347	0.461589	0.385695	0.761279	0.169762	0.008791	0.307537	0.176602	-0.449973
1.000000
132
0.154766	0.011025	0.036492	-0.057326	0.008357	0.085889	-0.318934	-0.496114	-0.075337	-0.005859	-0.000001	-0.000018	-0.000068	-0.000005	-0.000004	-0.000000
1.000000
332
0.059624	-0.046595	-0.227053	-0.059600	-0.474066	-0.077761	-0.355595	-0.194428	-0.000000	-0.000000	-0.000000	-0.000000	-0.000000	-0.000000	0.000000	0.000000
1.000000
741
-0.003132	-0.386420	-0.224715	-0.127943	-0.025946	-0.003048	0.155643	0.741285	-0.001447	-0.000112	-0.094931	-0.070545	-0.044415	-0.000161	-0.000118	-0.000005
1.000000
968
-0.000570	-0.045917	-0.133587	-0.492203	-0.184503	0.069287	-0.024096	0.050233	-0.004991	0.000000	0.000000	0.000000	0.000000	0.000000	0.000000	0.000000
1.000000
632
-0.277048	0.020655	-0.100299	0.042087	-0.244621	0.249623	0.098665	0.039770	0.447857	-0.226916	-0.092794	-1.324534	-0.338306	-0.000022	-0.000020	-0.000872
1.000000
164
0.060107	-0.088166	0.035909	-0.120444	0.126578	0.217332	-0.859645	-0.218492	-0.025872	-0.000003	-0.000000	-0.000000	-0.000000	-0.000000	0.000000	0.000000
1.000000
1096
0.000000	0.000000	0.000000	0.000000	0.000000	0.000000	0.000000	0.380884	0.022444	-0.045479	-0.919232	-0.001588	0.000000	0.000000	0.000000	0.000000
1.000000
17
-0.000907	-0.000019	-0.004176	-0.016153	-0.185456	-0.471025	-0.423056	0.195242	-0.087319	-0.166773	0.082819	0.028330	0.093142	-0.076421	-0.084312	0.237619
1.000000
274
0.112646	-0.022719	0.179596	-0.293757	-0.359702	-0.145471	0.015646	0.171736	-0.770409	-0.286054	-0.066182	-0.000184	-0.000000	-0.000000	-0.000000	0.000000
1.000000
24
-0.000559	-0.000117	-0.000001	0.025567	0.057577	-0.518611	-0.119049	-0.152168	0.138520	0.220141	-0.229810	-0.270829	-0.145444	0.123998	0.232360	-0.042167
1.000000
240
-0.000000	-0.000490	-0.003351	0.083898	-0.091921	0.040811	0.056801	0.099967	0.095813	0.149913	-0.092501	-0.174620	0.072543	-0.229813	0.027867	-0.085234
1.000000
1171
-0.000581	-0.122818	-0.030633	-0.061252	0.108296	-0.112822	0.090122	0.098275	0.386817	-0.254649	-0.179156	-0.099858	-0.000423	-0.000000	-0.000051	-0.000364
1.000000
714
-0.047250	0.140272	0.068186	-0.206157	0.206689	-0.400491	-1.247338	-0.296598	-0.034885	-0.728402	-0.746853	-0.000000	-0.000000	-0.000000	0.000000	0.000000
1.000000
1069
-0.000112	0.300379	-0.162649	-0.058957	0.157125	0.013124	-0.534187	-0.145142	-0.054450	-0.350826	-0.324011	-0.000000	0.000000	0.000000	0.000000	0.000000
1.000000
909
0.001534	-0.700560	-0.017700	-0.001378	-0.009860	-0.000841	-0.000001	-0.000000	-0.000000	-0.000000	-0.000000	-0.000001	-0.000001	0.000000	0.000000	0.000000
1.000000
766
0.000000	0.000000	0.000000	0.000000	0.000000	0.000000	0.000000	0.000573	-0.004046	-0.784962	-0.087936	0.271723	0.615669	-0.307950	-0.069064	0.000000
1.000000
1048
-0.016746	-0.234123	-0.292096	-0.000029	-0.000210	-0.000542	-0.230764	0.054675	-0.008982	-0.001362	-0.220485	0.330005	-0.580110	-0.000013	-0.000004	0.000000
1.000000
764
0.000000	0.000000	0.000000	0.000000	0.000000	0.000000	-0.000218	0.004947	-0.006475	-0.492873	-0.052440	-0.000081	-0.000066	-0.000000	0.000000	0.000000
1.000000
1223
-0.125990	-0.117587	0.093247	-0.105184	-0.012971	0.113723	0.183448	0.073894	0.299465	0.285887	-0.025899	0.657530	0.003748	0.429402	0.133548	0.105596
1.000000
75
-0.000000	-0.000487	-0.029092	-0.016415	0.414353	-0.248183	0.140795	0.015521	-0.152694	0.085999	0.086575	0.098938	0.032062	-0.508507	-0.112956	-0.037463
1.000000
188
-0.000000	-0.000000	-0.000000	-0.000001	-0.000000	-0.000000	-0.000000	-0.000928	-0.036832	-0.427477	-0.809902	-0.179369	-0.010184	-0.819206	-0.403552	0.041556
1.000000
937
-0.046589	0.252055	0.167252	-0.205463	0.383068	-0.001642	-0.001727	-0.000011	0.000000	-0.000018	-0.000199	0.000000	0.000000	0.000000	0.000000	0.000000
1.000000
133
0.000000	-0.000001	-0.000000	-0.217899	-0.544027	-0.503896	0.345870	-0.340518	-0.580559	0.672582	0.230270	-0.089581	0.010291	0.087369	-0.318448	-0.009048
1.000000
328
0.000000	0.000000	0.000000	0.000000	0.000000	0.000000	0.000000	-0.000000	-0.000003	-0.481204	-0.767942	0.288478	0.003834	0.022708	-0.003968	-0.060635
1.000000
653
0.000000	0.000000	0.000000	0.000000	0.000000	0.000000	-0.000000	-0.290209	0.002877	0.084266	-0.166804	-0.011483	-0.000529	-0.000000	0.000000	0.000000
1.000000
7
0.133969	0.114814	0.034534	-0.232065	0.100526	-0.227953	-0.032593	-0.537278	0.268085	0.389669	0.984974	0.176180	-0.088520	0.662940	0.501138	0.333310
1.000000
309
0.000000	-0.000000	-0.000000	-0.080275	-0.219677	-0.029186	0.031534	-0.025893	0.226161	0.000000	0.000000	0.000000	0.000000	0.000000	0.000000	0.000000
1.000000
735
-0.013489	0.156543	0.364030	-0.854006	-0.605236	-0.023287	0.519500	1.006510	-0.004211	-0.000643	-0.594147	-0.483893	-0.097926	-0.081220	-0.045220	-0.120013
1.000000
984
0.000000	0.000000	0.000000	0.000000	0.000000	0.000000	-0.000497	-0.037982	0.034250	-0.012870	-0.234145	-0.071956	-0.062260	-0.000596	0.000000	0.000000
1.000000
685
-0.009558	-0.006021	-0.334156	0.007931	0.150160	0.135292	-0.119491	0.149733	0.051302	-0.191737	-0.015347	-0.632103	0.197086	0.024103	-0.306194	0.249106
1.000000
988
0.000000	0.000000	0.000000	0.000000	0.000000	0.000000	0.000000	-0.000025	-0.000641	-0.070936	0.124520	-0.437632	-0.262451	0.025462	0.011740	0.062719
1.000000
518
-0.000000	-0.000133	-0.000046	-0.000002	0.306205	0.152184	-0.303428	0.104293	-0.029630	0.210782	-0.174140	0.004129	-0.694913	-0.904150	-1.070353	0.000000
1.000000
770
-0.000009	-0.000015	-0.000141	-0.000005	-0.000534	-0.008177	-0.095051	0.037844	-0.039433	-0.712103	-0.000007	-0.000005	-0.000000	0.000000	0.000000	0.000000
1.000000
168
0.131854	0.023424	-0.146739	-0.393285	-0.017470	0.029814	0.452838	-0.087581	-0.177311	0.545557	0.417612	-0.014529	0.142175	0.023163	-0.000000	0.000000
1.000000
1165
-0.058918	-0.097612	0.052238	0.023570	0.056238	0.397697	0.138077	0.123082	-0.155335	-0.137767	-0.001905	-0.000001	-0.000000	-0.000000	-0.000000	-0.000034
1.000000
116
0.021398	-0.004631	-0.211799	0.370524	-0.061476	-0.608331	-0.060782	-0.000679	-0.000353	-0.000005	-0.000036	-0.000000	-0.000000	-0.000000	-0.000000	-0.000000
1.000000
658
0.000000	0.000000	0.000000	0.000000	0.000000	0.000000	0.000000	-0.000000	-0.014790	-0.257063	-0.378747	0.193660	-0.083916	-0.028390	0.021699	0.102903
1.000000
58
-0.011013	0.022285	-0.054878	0.158754	-0.581462	-0.369941	0.431107	0.059542	-0.000008	-0.000000	-0.000000	-0.000001	-0.000000	-0.000000	-0.000000	0.000000
1.000000
49
0.000000	0.000000	0.000000	0.000000	0.000000	0.000000	0.000000	-0.001014	-0.177889	-0.013943	0.043975	0.170402	-0.628201	-0.000000	0.000000	0.000000
1.000000
711
0.000000	0.000000	0.000000	0.000000	0.000000	0.000000	0.000000	-0.002870	-0.413949	0.041605	-0.071869	0.006974	0.356030	0.024223	-0.000052	0.000000
1.000000
948
-0.098904	0.152329	-0.109104	-0.025963	0.201002	-0.025195	-0.090153	-0.113841	-0.223045	-0.419834	0.552309	0.039970	-0.002707	-0.011990	-0.060275	-0.071301
1.000000
506
-0.049787	-0.154984	0.009753	0.131856	0.057186	0.192092	-0.169726	0.422625	-0.003065	-0.511735	-0.000000	-0.000000	0.000000	0.000000	0.000000	0.000000
1.000000
79
-0.000001	-0.002502	-0.140060	-0.477964	0.067241	0.249439	-0.055697	-0.108831	0.034021	-0.029095	0.033188	0.125978	-0.281793	-0.149587	-0.084965	-0.119115
1.000000
602
0.000000	0.000000	0.000000	0.000000	0.000000	0.000000	0.000000	0.040987	-0.212916	0.015374	0.071842	0.163248	-0.069630	-0.031830	-0.000000	0.000000
1.000000
172
-0.060621	0.023384	0.112712	-0.129658	0.129790	-0.206688	0.048689	-0.312918	-0.151947	0.293225	0.692949	-0.035348	-0.015439	0.473881	0.557078	0.428302
1.000000
144
0.000000	-0.000000	-0.000000	-0.042886	-0.214454	0.013236	0.003795	-0.002463	0.238746	0.000000	0.000000	0.000000	0.000000	0.000000	0.000000	0.000000
1.000000
981
0.000000	0.000000	0.000000	0.000000	0.000000	-0.010076	-0.316034	-0.032821	0.013885	0.037082	-0.000736	-0.011211	0.000000	0.000000	0.000000	0.000000
1.000000
354
-0.000001	-0.000003	-0.002351	-0.170968	-0.447711	-0.009200	0.272502	-0.051105	-0.104183	-0.078893	0.073149	-0.002482	0.018817	-0.118569	-0.042401	-0.114422
1.000000
516
-0.000000	-0.000204	-0.000070	-0.000001	0.184923	0.050587	-0.199431	0.114223	-0.026259	0.123881	-0.120809	-0.008006	-0.657158	-0.581940	-0.716417	0.000000
1.000000
2
0.024816	0.022428	-0.252102	0.054014	-0.030696	-0.479617	-0.281707	0.210984	0.119281	-0.132727	-0.252197	0.040707	0.017528	-0.000000	0.000000	0.000000
1.000000
388
-0.000635	-0.000000	-0.062559	-0.359687	-0.000085	-0.000236	-0.181028	0.024904	0.003831	-0.045237	-0.124095	0.180646	-0.401857	0.000000	0.000000	0.000000
1.000000
504
-0.094111	0.000713	0.025542	-0.041085	0.290708	-0.131312	0.283250	0.277744	-0.259840	-0.000002	-0.000000	-0.000000	0.000000	0.000000	0.000000	0.000000
1.000000
63
-0.172352	0.136679	-0.152773	-0.064971	0.082801	-0.201041	0.109327	-0.052226	-0.218678	0.335791	0.353277	-0.000002	-0.000000	-0.000000	-0.000000	-0.000000
1.000000
131
0.000000	0.000000	0.000000	-0.014823	-0.292915	-0.381760	0.108074	-0.344198	-0.612322	0.578492	0.269651	-0.223182	-0.101562	-0.053422	-0.292514	0.026245
1.000000
739
-0.004434	0.005493	0.205287	-0.593614	-0.393497	-0.034825	0.253440	0.620834	-0.006463	-0.000273	-0.423493	-0.335035	-0.053597	0.124195	0.116946	-0.144365
1.000000
985
0.000000	0.000000	0.000000	0.000000	0.000000	0.000000	-0.000365	-0.508305	0.006831	-0.029314	0.062732	-0.063654	0.299415	-0.243987	0.000000	0.000000
1.000000
983
0.000000	0.000000	0.000000	0.000000	0.000000	0.000000	-0.004743	-0.040655	0.019996	-0.033083	-0.159255	-0.122426	-0.000450	-0.000000	0.000000	0.000000
1.000000
1258
0.000000	0.000000	0.000000	0.000000	0.000000	0.000000	-0.000000	-0.328805	0.000669	0.090214	-0.152871	0.290046	0.065056	-0.000001	0.000000	0.000000
1.000000
729
0.002062	-0.377733	-0.181002	-0.000038	-0.000019	-0.000019	-0.000004	-0.000007	-0.000001	-0.000016	-0.000013	-0.000002	-0.000005	-0.002348	-0.000746	0.000000
1.000000
618
-0.073733	-0.098270	0.146506	-0.140813	0.001016	0.169660	0.621605	-0.211819	0.144121	-0.469246	-0.077194	0.190392	0.387494	0.196466	-0.000000	-0.000000
1.000000
674
-0.119057	-0.067481	-0.035136	0.413808	0.415710	0.194173	-0.101353	0.052372	0.048809	-0.060476	0.119171	0.047575	-0.053581	-0.186450	-0.397125	0.059873
1.000000
675
-0.081912	-0.086970	-0.005516	-0.366926	0.083987	0.037697	0.135198	-0.083181	0.036886	-0.316179	0.244986	-0.050809	0.012409	0.042141	-0.226421	0.160380
1.000000
350
-0.000000	-0.000001	-0.000648	-0.069675	-0.176754	0.228491	-0.209361	0.357487	-0.019274	-0.106666	0.018158	0.037865	-0.015817	-0.070972	-0.309549	-0.025948
1.000000
970
0.000000	-0.000009	-0.060522	0.124857	-0.186155	-0.037114	-0.031180	0.080216	-0.284045	0.000000	0.000000	0.000000	0.000000	0.000000	0.000000	0.000000
1.000000
214
0.000000	0.000000	0.000000	0.000000	0.000000	0.000000	0.000000	-0.000397	-0.213175	-0.004109	0.013375	0.184377	-0.873791	-0.000002	0.000000	0.000000
1.000000
1207
0.000000	0.000000	0.000000	0.000000	0.000000	0.000000	0.000000	0.099996	0.213461	-0.005260	-0.208241	-0.876911	-0.049061	-0.000014	0.000000	0.000000
1.000000
192
0.002968	0.199781	0.355503	0.067365	0.031030	-0.405160	0.061480	0.052398	-0.106840	-0.084556	-0.006118	0.358323	0.179471	0.127870	-0.119478	-0.004256
1.000000
1210
0.000000	0.000000	0.000000	0.000000	-0.000000	-0.132489	0.180919	-0.095366	0.062995	-0.018935	-0.615196	-0.199304	-0.012797	-0.000253	-0.000002	-0.000051
1.000000
1265
0.000000	0.000000	-0.000000	0.153799	-0.019709	-0.294509	0.342944	-0.074172	-0.159045	0.238870	0.161917	-0.415069	0.137631	-0.386102	-0.390325	-0.005472
1.000000
118
-0.026432	0.061009	-0.331410	0.519136	0.044808	-0.292738	-0.384467	-0.300860	-0.001424	-0.000837	-0.000004	-0.000009	-0.000000	-0.000000	-0.000000	-0.000001
1.000000
281
-0.006714	0.051072	-0.306767	0.140854	0.141460	-0.319558	-0.235993	-0.003048	-0.000786	-0.000000	-0.000012	-0.000001	-0.000000	-0.000000	-0.000000	-0.000001
1.000000
326
0.000000	0.000000	0.000000	0.000000	0.000000	0.000000	0.000000	0.136509	-0.018540	0.026469	-0.029310	0.001326	-0.447241	-0.081079	-0.000000	0.000000
1.000000
684
-0.003676	-0.000175	-0.006169	0.000489	0.029564	-0.578310	-0.035672	-0.014457	-0.218247	-0.258710	0.450119	-0.162113	-0.188309	-0.121387	0.080237	0.067403
1.000000
795
-0.023548	-0.108242	-0.242010	-0.013369	-0.822464	0.095490	-0.165933	-0.486889	0.363467	-1.155223	0.197798	0.463317	0.870934	0.821214	0.823153	-0.355508
1.000000
664
-0.057103	-0.140318	-0.378729	0.014470	0.328382	0.107792	0.169187	-0.104638	-0.054364	0.395516	0.323213	-0.748495	-0.783241	-0.000103	-0.000681	-0.000001
1.000000
789
-0.012153	-0.091265	-0.048289	0.140050	-0.627530	0.236921	-0.003995	-0.260181	0.252359	-0.769832	0.114013	0.175203	0.446571	0.153241	0.333519	-0.380454
1.000000
459
0.000000	0.000000	0.000000	0.087270	0.158836	0.193567	0.107696	-0.028762	0.012666	-0.396228	0.282980	-0.001666	-0.002594	-0.000007	-0.000008	-0.000000
1.000000
280
0.029444	-0.050017	0.042259	-0.114486	-0.264824	-0.315302	0.090877	-0.004729	-0.000002	-0.000005	-0.000007	-0.000000	-0.000000	-0.000000	-0.000000	-0.000001
1.000000
448
-0.018687	0.315806	-0.135264	0.042449	0.006585	0.025596	-0.039715	-0.063140	-0.041762	-0.000105	-0.000000	-0.000005	-0.000008	-0.000000	-0.000000	-0.000000
1.000000
48
0.000000	0.000000	0.000000	0.000000	0.000000	0.000000	-0.000000	0.015895	-0.165403	0.026761	0.158313	-0.094168	-0.001097	0.000000	0.000000	0.000000
1.000000
384
-0.027496	0.054799	0.172643	-0.265988	-0.089608	-0.565055	-0.043747	0.808177	-0.740757	-0.566631	-0.021728	-0.000000	-0.000000	-0.000000	-0.000000	0.000000
